7581.4	1869	211.2	1269.1	1948.9	560.4	757.7	33.5	94.4	58.4	72.5	299.4	134.7	48.2	88.4	2.2	2.3	1.2	2.9	48.2	27.4	6	24.5	7.7	4	4.5	4.6	268.9	1.3	26.2	125.9	46.2	5.6	53	10.7
7710.7	1775.2	232.8	1251.1	2063.5	583.9	784.7	37.1	94.4	58.5	84.4	311.8	140.4	47.6	99.4	2.7	3.6	2.1	3.4	45.1	30.1	6.3	26.4	7.4	5	5.8	7.8	384.7	1.9	70.1	182.3	44.6	6.8	70.3	8.6
8872.4	1987.2	272.5	1437.2	2415.2	637.2	901.5	45.9	109.6	63.6	90.1	351	186.3	60.9	121.9	4.5	3.5	3.4	3.5	57.1	38.2	9.4	36.1	10.9	8.1	7.6	10	418.3	2.6	46.1	216.9	65.8	12.7	56.1	18.1
7369	1713.5	232	1257.7	1989.5	484.7	750	37.2	88.1	45.7	68	276.3	127.1	49.7	99.8	2	2.9	2.7	3	48.4	30.5	6.6	26.9	9.6	4.1	6.6	6.5	323.6	2.3	36	167.4	55.8	11.1	38.9	12.1
7952.8	1824.9	239.9	1311.3	2171.9	578.3	820.5	37.9	95.2	54.5	76.3	279.3	135.8	50.8	106.4	2.3	2.5	4.5	2.3	59.5	34.5	8.2	26.4	11.8	5.1	4.5	8.3	343.1	1.9	44	179	55.9	5.3	42.6	14.5
8346.5	1961	241	1417.6	2146.4	565.9	930.5	41.3	104.3	60.8	80.3	282.8	159.2	51	101.5	3	2.4	2.9	2.8	68.1	43.6	19.2	28.8	12.2	4.5	5.7	9.9	394.7	2.1	51.6	200	61.6	6.9	58.3	14.2
6354.4	1572	213.5	1029.6	1653.6	439.5	660.9	29.4	67.6	46.4	63.1	240.4	80	35.1	73.8	2.5	1.7	2.6	2.1	50.4	27.5	13.9	22.1	8.6	3.5	4.8	9.9	295.1	2.3	28.9	147.9	53.4	4.2	46.4	12.1
6431.8	1356.1	207.2	1215.3	1851.9	298.8	681.5	29.9	88.5	41.4	55.4	198.5	126.2	45.8	85.8	5.8	2.1	4.4	3.7	51.5	29.9	5.1	23.2	7.2	2.9	5.5	8.2	327.9	1.4	38.6	152.4	58.3	8.3	57.7	11.2
8150.9	1859.6	219.3	1466	2151.2	574.9	798.6	57.4	99.8	61.1	76.9	303.5	147.2	53	103.4	2	3.1	3.8	3.6	66.8	34.6	9.1	27.4	9.9	3.6	5.5	9.6	396.1	2.4	44.8	196.7	54.3	9.6	72.4	15.8
8308.4	1882.6	230.6	1437.3	2193.9	601	868.9	32.9	100.3	60.4	76.4	309.1	157.8	50.1	106.5	6.7	3.2	3.9	3.4	67.9	35.7	18.6	28.2	11.3	5.5	7.4	8.8	415.9	2.2	45.4	180.7	77.9	9.3	84.4	16
7994.9	1795	219.9	1392.7	2061.4	593.8	866.3	39.2	100.6	57.5	75.3	291.5	154	63.7	99.6	3.3	2.9	3.2	3.5	64.2	41.1	8.8	26.7	10.9	3.8	6.6	9.3	398	2.2	40.9	166.2	78.1	9.8	86.2	14.7
6809.6	1610.5	222.1	1195.9	1804.9	472.6	613.9	30.6	84.6	53.9	68.5	242.7	126.7	51.7	74.4	1.6	2.3	4.9	3.9	61.7	32.8	7	18.8	7.3	2.9	5.4	8.3	327.6	1.6	32.6	120.7	74.5	9.8	73	15.5
7877.3	1907.6	223.2	1290.1	2040.2	585	808.5	37.5	91	56.6	75.3	295.1	142	60.8	93.5	2.1	2	4.8	2.6	62	34	6.9	29.3	11.1	4.2	6.4	5.7	346.4	1.6	38.3	159.9	55.5	6.3	67	17.7
8038.7	1863.4	247.6	1329.9	2096.6	581.5	822.4	43.4	93.3	65.6	82	315	143.1	59.4	105.3	5.6	3.2	2.7	2.9	63.4	39.9	9.3	31.6	12.4	3.6	5.5	10	421.8	1.8	39.2	182.8	69.3	10.9	100.7	17.2
8544.8	1948.3	270.1	1523.5	2266.4	596.3	841.2	46.7	95.2	63.2	82.5	309.4	143.5	57.7	108.5	2.6	2.9	3.3	3.5	62.6	43.8	8.2	30.9	14.9	4.4	6.2	9.1	443.9	2.2	48.3	194.2	71.7	23.9	81.5	22.1
8234.1	1917.9	262.4	1412.3	2147.2	541.3	841.5	44.6	93	65.7	74.3	310.1	145.5	57.2	111.9	3	3.2	3.1	3.7	76.4	46.3	8.2	28.3	17	3.7	5.4	11	385.9	1.9	38.1	160.8	72.8	12.2	80.2	19.7
8165	1783.3	247.1	1454.5	2050.1	573	909.8	38.7	104.8	63.7	78.5	320.2	143.2	63.9	111.1	3.6	2.4	4.3	4.5	83.9	51.3	7.1	31.4	12.5	3.7	4.8	13.3	418.6	2.8	46.4	171.2	77.8	7.8	91.4	21.2
8364.2	1908.9	243.4	1512.1	2072	567.2	888.1	40	102.7	66.7	82.4	338.8	152.1	59.8	102.2	2.4	2.4	6.4	4.4	83.5	55.2	9.3	32.8	12.4	4.1	4	11.2	373.7	1.8	44.5	146.1	82.6	8.6	69.6	20.3
7357.3	1732.8	226.4	1257.6	1903.4	504.6	769.9	30.4	75	57.6	70.6	295.6	95.7	46.5	95.1	2.7	2.7	2.8	4.3	73.8	42.4	7.8	28.8	11.5	2.9	4	12.3	426.6	2.6	35.3	166.7	100.8	10.5	90.2	20.6
6392.3	1389	197.9	1241.9	1689.5	315.9	683.5	30.9	87.7	56.1	53.9	190.5	140.3	57.4	87.8	1.7	2.5	3.9	4.4	66.3	37	8.6	23.2	7.7	2.8	2.3	9.6	322.8	1.2	36.7	133.1	59.4	9.6	63.8	19
8686.4	1978.5	227.3	1573.4	2218.3	614.5	908.7	41.1	100	65.1	98.1	317	158	59.5	124.6	2.2	2.8	3.3	5.3	77.1	41.7	8.8	31	12	4.7	3.2	9.9	391.1	2.4	46.9	151.2	84.6	8.8	73.8	23.3
9244.7	2076.8	276.8	1573	2357	644.8	1008	53.3	106.2	75.2	102	378.7	191.1	64.4	114.3	3.2	3.7	4.1	6.6	80.6	47.1	11	32.8	13.2	4	4.2	12.6	451.7	2.2	49.9	185.6	78.8	13.7	92	29.5
8182.7	1750	238.2	1411.7	2084.6	589.7	935.9	46.3	89.2	70.3	83.3	325.3	177.3	66.8	99.4	2.3	3.4	3.4	6.9	77	43.8	7.7	32.2	14.9	3.3	3.5	16.4	449.2	1.9	49.8	185.4	98.2	10.2	80.9	22.8
7451.4	1815.5	249.1	1325	1764	484.2	793.4	40.8	90.6	60.4	82.9	299.6	125.1	57.4	92.4	1.8	2.4	2.9	6.7	56.5	31.7	7.6	26.1	13.1	3	3.4	16	388.7	1.9	34.9	146.5	84.5	9.7	88	23.2
7988.8	1896.6	242.9	1323.2	1905.3	581.1	895.3	46.1	94.7	60.5	82.5	325	157.7	57.3	109.4	2.5	3.9	2.8	4.8	77.4	36.2	8.6	41.9	11.1	3.5	3.2	15.3	424.9	1.7	50	194.8	69.1	7	77.9	24.4
8243.5	1916.4	242.5	1350.1	2013.5	568.3	958.1	45.3	93.5	65	84.3	358.8	160.6	62.7	111.6	2	4.4	3.8	6.2	78.7	37.6	10	40.9	10.6	4.3	4.2	9.9	467.6	2.3	44.2	201.2	84.7	13.4	96.8	25
8843	1985.8	265	1515	2161.5	634.7	1015	47.4	99.2	67.4	93.3	358.6	164.7	63.2	117.9	11	3.8	3.9	6.7	84.8	42.8	13.7	48.3	11	9.6	6.4	12.2	527.3	2.1	45.2	234.6	98.1	23.2	96.3	27.8
9092.7	2057.7	252.5	1554.4	2215.8	633.9	1007.8	50.3	124.3	72	89.8	354.1	190.8	93.3	127.9	3.1	4.1	4.6	7.9	96	54.1	12.9	46	11.8	8.1	6.7	12.9	502.7	2.3	49.7	220.3	94.4	18	95	23.1
8246.7	1790.4	236.4	1403.4	1989.3	587.8	991.4	49.5	96.6	73.3	85.2	365	159.7	72.7	108.1	2.5	4.2	6.2	6.6	91.7	43.9	10.7	43.5	11.1	4.8	4.1	8.7	483	3	44.8	215.3	93.7	23.9	81.3	21
9311.7	2051	243.9	1619.8	2265.9	640	1174.4	42.3	111.3	70.6	89.7	372.1	170.6	67.9	116.6	2.7	4.2	5.1	7.3	112.5	52.6	13.4	43.2	11.8	3.5	4.2	15.4	482.8	3	48	185.3	92.1	17	109.1	28.2
8341.2	1869.5	240.8	1325.9	2075.4	583	1107.1	43.1	85.9	67.8	80.1	326.1	119.4	58.1	101.1	3.2	4.3	6	9.2	104.2	42.1	11.3	42.4	12.2	4.9	5.7	12.4	501.4	2.6	39.2	191.6	102.1	14.4	124	27.5
7116.7	1453.4	183.9	1309.9	1943	365.3	804.7	42.3	97.9	53	63.4	240	159.3	61	104.1	2.6	4.3	4.9	8.2	87.6	41.6	10.6	45.8	9	4.3	5.4	11.1	440.3	2.5	45.4	148.9	103.7	11	105.1	23.6
9635.7	2147.6	238	1675.6	2319.1	703.3	1129.1	52.3	120.5	73	95.7	385.5	194	71.4	129.5	3.4	5.3	7.4	7.2	109.3	50	13.1	65	14.7	4.8	5.9	15.1	541.9	3	52.8	193.5	124.1	16.1	125.2	27.1
9815.4	2227.1	264.6	1675.4	2285.1	727.3	1143.5	53.8	117.3	77.3	97.4	420	202	69.1	121.3	3.5	5.7	19.8	8.9	124.1	56.9	13	60	14.8	5.4	7.6	14.6	590.2	4.2	56.8	186.2	130.7	16.5	167.6	28.1
8611.3	1851.2	246.7	1470.4	2053.7	643.2	1029.1	48.6	99.1	70.3	88.8	368.6	176.1	61.1	108	3.3	7.4	11.1	8.5	111.6	46.2	11.5	59.5	10.1	3.8	7	16.4	498.7	2.4	49.4	171.8	98.4	16	129.8	30.8
8297.8	1972.4	250.5	1496.4	1885.6	568.1	907.1	55.6	96.6	65.8	82.6	339.8	165.1	57.7	99.4	2.8	3.9	7.6	7.9	89.4	44.1	10.2	47.5	9.3	4.4	8.3	19.7	499	2.8	62.1	155.6	93.7	15.6	133.9	35.3
8715.1	2037.8	218.3	1471.7	2013.6	672.3	1001.1	50.2	104.6	69.3	95.3	360.8	182.5	69.4	101.8	3.2	5	7.4	7	99.7	39.3	10.6	59.2	11.1	3.2	7.1	13.5	474.9	2.3	52.4	182.6	90	10.9	118	18.7
8919.9	2002.2	223.4	1507.1	2070.1	690.2	1020.7	58.7	106	74.9	104.3	402.7	189.3	68.2	118.8	4.5	4.5	4.2	9.6	95.3	45.9	14.6	66.4	13.6	4.5	8.3	12.2	524.1	2.9	45.9	207.4	90.6	17.4	134.2	25.6
10085.8	2307.4	278.1	1683	2395.5	749.2	1114	63.9	123.3	86	112.7	433.1	212.4	76.7	135.3	3.3	4.8	6.4	9.8	106.5	52.4	14.7	75.3	12.9	4.4	9.5	15.3	567.5	3.5	61.6	204.9	106.8	21.1	133.8	35.8
9511.7	2110.2	257.7	1602.5	2340.6	682.4	1076.8	55.1	100.4	67.4	102.3	398.3	196.4	70.4	127.8	3.8	5.2	6	9.2	115.9	54.9	17.3	64.8	14.3	4.9	10.7	16.4	550.6	2.2	57.7	224.5	107.5	16.3	114.6	27.7
8991.3	1935	234.2	1470.1	2221.4	667.3	1016.6	64.6	97.4	76.2	102.7	425.2	178.6	69.5	123.4	2.7	5	6.2	9.3	108.8	45.4	17.5	73.3	12.1	3.9	8.1	16.6	482.5	2.7	59.2	182.7	102.9	13.7	91.9	29.4
10311.2	2290.9	260.6	1685.8	2471.1	756.1	1247.5	56.6	122.4	86.5	123.4	450.5	198.9	75.4	143.4	3.2	4.9	7.5	9	125.8	51.3	14.9	73	13	11	10.7	18.2	554.3	3.6	62.5	210.4	114.6	19	111.6	32.6
8895.4	2033.6	236.7	1418.4	2173.9	632.4	1093.4	46.6	94.4	77.6	104.3	381	129.1	59.2	117.7	8.1	6	6.6	10	110	44.6	12.8	60.6	10.2	4	9.4	14.9	496.9	2.8	45.6	192.4	109.7	15.7	99.2	31.4
7449.8	1613.7	208.2	1224.4	1963.3	410	858.7	45.8	104	62.1	77.3	277.5	164	58.8	108.4	2.2	4.6	6.5	6.1	102.7	38.7	13	68.7	8.3	3.8	6.8	12.1	388.9	2.7	47.5	152.4	74.7	15.3	73.3	23
10084	2285	266.3	1644.1	2387	770.9	1088.4	63.5	119.4	82.5	120.7	479.5	222.7	70	141.9	2.7	5.3	4.6	8.4	128.7	47.6	14.6	83.7	13.4	6.1	7.7	19.1	414.6	3.3	57.4	196	100.3	9.3	22.6	25.7
9859.4	2252.5	252.2	1654.7	2297.4	734.5	994.7	74.5	117.9	76.6	116.7	502.4	218.1	72.4	138.6	3.1	5.2	5.7	7.5	126.8	51.3	15.1	97.3	12.4	5.5	9.5	16.9	416.4	4.5	54.4	183.3	100.6	8.8	34.1	30.8
9100.1	2058.2	238.7	1481	2121.5	684.3	937.4	70.2	110.5	74.9	111.7	485	213.7	62.5	121.6	3.7	3.7	4.6	8.9	106	42.9	21.8	94	11	4.6	6.9	20.9	428.8	3.6	61.7	196.5	96.4	9	32.6	29
8920.8	1935.9	258.9	1635.4	1959	580.6	1123.1	60.2	105	73.2	105.1	434	183.3	64.4	116.1	2.6	3.6	3.7	8	98.1	40.9	14.7	74.8	9.4	7.9	8.2	14.8	411	2.9	63.8	174.7	84.9	10.5	48.9	25.3
8502.7	1983.3	235.5	1381.3	1942.8	674.5	903.2	58.6	99.3	74	108.1	444.4	157.9	64.1	107.5	3.2	3.4	2.5	6.9	103.1	39	14.3	67.1	10.4	3.5	4.5	10.2	315.2	2.7	50.9	152.3	57.4	6.3	26.9	18.7
8599.6	1974.3	236.4	1389.5	1958.3	640.9	943.8	60.5	98.8	89	105.6	470.8	178.3	59.7	112.4	3.8	4.5	4.2	6.2	91.3	46.3	13.1	78.7	9.9	5	5.9	12.3	404.6	3.1	70.5	182.9	76.3	9.9	39.9	22
10394.4	2365.4	305.9	1731.7	2393.4	754.7	1170.6	72.8	118.9	100.1	122.6	516.6	214.3	73	139.6	4.7	4.1	5.8	7.8	109	50.9	15.3	72.6	11.1	9.6	9.6	14.2	458.5	3.7	82.1	208.2	79.3	12.8	45.2	27.2
9290.4	2071.1	265.2	1573	2150.3	679.9	1027	62.8	108.6	82.1	112.8	468.2	205.5	65.3	124	4.3	4.6	3.6	8.7	107.9	47.3	17	62.5	11.7	4.2	9.5	13.3	433.4	2.9	59.7	201.3	88.4	9.5	46.3	25.3
8742.2	2026.6	246.2	1474.1	1973.8	628.9	935.4	64.3	99.7	85.9	95.4	451.9	170	67	118.4	7.7	3.8	5	7.5	113.7	44.5	16.3	66	10.7	4.4	11.1	14	374.7	2.7	51.6	148.9	98.9	11.4	41.6	19.5
10217.3	2342.2	271	1774.4	2290.7	733.9	1121.4	65.3	123	86	118.6	529.1	205.7	73.6	136	5.6	4.6	7.4	9	117.2	52.7	17	81.6	15	8.9	12.4	15	454.8	4.1	61.3	190.5	108.4	13.6	42.9	34.1
8639	1996.1	243.2	1439.5	1893.8	627.2	1046.3	61.9	92.8	67.3	94.8	453.2	152.8	55.5	114.5	4.3	4.1	7.9	7.3	114.9	48.7	9.1	68.7	10	3.7	7.1	14.5	408.5	3.5	45.7	186.7	82.7	13	50.1	26.7
8139.6	1730	222	1402.5	1981.6	412.2	1051.9	46.3	111	69.2	82.3	380.8	167.9	66.3	112	3.3	4.3	3.9	10.1	116.1	45.3	13	76.5	9.8	4.5	4.6	12.2	373.8	2.5	50.1	163.6	78.4	10	44.1	25.1
10779.1	2305.1	268.1	1817.4	2473.9	790.4	1214.5	208	119.4	88.5	130.7	579.6	217.6	67.8	144.9	4.8	5.2	9.4	11.4	124.9	55.9	15.3	78.1	13.7	9.7	6.8	17.8	474.2	9.8	54.9	206.1	112.5	14.3	50.3	26.3
10427.7	2334.2	289.4	1700.5	2320.4	757.2	1203.6	67.6	137.6	105.3	119.5	571.6	225.2	93.5	145.3	4.4	6.4	7.4	8.6	131	53.7	16.9	84.8	13.8	5	6.5	18.4	468.2	4.9	53.7	204.1	104.8	17.3	57.2	26.2
10349.1	2272.3	299.4	1679.2	2280.4	793.2	1222	81.8	132.4	92.1	115.3	554.6	241.4	71.4	142.3	4.7	4	8.5	8.2	132.2	57.9	17.1	86.1	13.6	7	8.3	23.6	432.7	4	54	185.4	97.9	12.6	53.9	24.9
10036.4	2323	333.4	1667.6	2268.4	709.1	1107.3	64.3	110.4	91	102.2	502.1	210.5	88.8	140.5	4.9	4.7	5.5	8.6	113.9	51.3	15	63.5	15.8	6	8.7	20	485.6	3.3	54.1	209.6	117.7	18.2	57.6	25.2
9492.1	2150.3	320.8	1685.3	2021.4	704.8	1086.3	68.9	108.7	71.7	107.6	446	214.3	84.8	113.1	3.7	3.5	4.2	7.5	109.4	50.6	14.5	75.9	13.3	6.4	5.6	13.9	422.3	3.5	48.4	197.3	98.5	11.9	44.1	18.6
10638.8	2425.7	347.7	1787.6	2301.4	784.1	1227.9	74.4	119.8	96	121.4	543.4	241.1	84.1	143	4.5	4.8	4.3	7.3	119.8	57.2	15.2	86.9	13.7	6.2	7.8	13.3	487.3	4.1	55	233.6	106	11.6	53.2	23.7
12054.5	2642	373.1	2028.3	2665.9	867.1	1449	115	128.9	113.4	133.8	625.8	260.6	97.8	155.9	5.2	5.1	6.1	9.6	134.9	64.3	20.6	100	15.2	9.6	9	18.2	610	3.1	59.7	304	136.8	16.2	58.6	31.5
10324.7	2291.5	319	1798	2294.1	740.7	1185.6	90.5	106.8	87.1	115.9	523.3	222.5	77.9	131.5	3.8	5.5	4.5	9.7	113.4	58.9	17.5	76.2	15.8	7.1	8.2	19.8	474.8	5.7	48.3	185.3	135.5	13.2	63.6	23.2
11817.3	2570.7	357.5	1985.9	2620.4	881.1	1421.3	102.1	137.1	104.8	138.4	621.8	248.3	87.6	138.9	7.2	6.2	6.7	11.2	139.8	72.6	19.8	79.1	16.7	9.5	8.9	23.9	628.8	4.3	74.9	274.5	150.6	17.2	73.2	34.1
11008.9	2526.6	310.7	1871.4	2389.3	818.9	1293.8	109.2	118.4	111.7	127	538.8	203	77.4	131.9	4.4	5.8	5.4	9.4	130.3	69.5	21.4	77.8	14.9	7.8	10.6	23.4	556.8	8.8	53.9	228.6	129.1	17.6	91.5	27.4
9996.6	2266.2	285.6	1532.4	2298.3	809.4	1241.5	78.3	97.1	100.1	103.9	488.3	182.3	60.2	123.1	3.4	5.1	5.8	9.2	117.6	59	16.9	66	12.8	6.3	7.2	20.7	505.7	3.1	40.1	193.1	150.3	13.6	75	30.6
9419.5	1981.9	271.3	1656.5	2313.7	526.2	1174.4	73.9	125	76	91.4	359.9	209	68.9	126.1	3.7	5.1	5.7	8.3	124.9	78	18.4	71.7	12.4	5.9	8.9	22.6	528.6	8	48.4	203.2	157.4	14.6	71.4	25.7
11958.8	2630.3	334.8	2061	2843.9	863.4	1286.2	114	139	116.6	125.6	528.4	262.5	79.9	158.1	4.1	5.9	7.8	12.7	143	77.6	18.7	84.4	15.6	13.5	10.8	21.1	622.1	10.9	54.6	234.6	193.9	20.3	76.5	31.2
12594.6	2942.6	361.2	2304.2	2691.8	888.1	1377.7	108.8	138.6	114	147.7	563.5	255.1	86.8	154.8	11.6	6.5	6.7	9.4	155.7	97.1	25.1	86.9	13.8	9.4	12.6	24.9	691.3	6.7	68.2	248.8	206.3	20.4	98.1	42.9
11890.6	2713.4	337.7	1984.9	2665.7	790.6	1428	115.7	138	114.6	137.7	547.8	262.8	84.3	142.5	4.9	7.7	7.3	13.3	139.9	77.4	21.8	77.9	18.1	15.6	12.8	30.4	654.2	5.1	58.2	255.1	185.1	23.5	97.5	29.7
10871.7	2437.5	319.6	1847	2382.8	766.4	1321.8	125.6	114.6	91.8	119	535.4	243.7	77.2	143.5	3.8	6	5.7	11.1	122.8	60.9	20.1	63.8	12.3	8.3	8.9	22.1	518.9	3.4	50.9	199.6	121.2	20.7	91	32
11835.7	2678.9	339.4	1924.8	2648.9	875.9	1404.1	134.9	149.6	93.3	128.9	576.6	220.2	90.9	154.4	4.1	5.8	5.4	10.1	124.8	109.1	20.7	86.3	14.3	6.6	8.8	18.9	499.1	3	55.2	239.1	98.2	15	60.8	27.9
11542.2	2582	347.9	1787	2669.6	885.4	1334	135.9	124.3	106.5	123.8	590.1	221.1	96.3	152.6	4.8	6.4	5.5	9.6	122.1	86.1	24.3	73.1	15.7	7.8	8.4	22	513.6	4.4	52.2	245.7	88.1	17	71.6	34.6
13093.7	2780	401.5	2092.2	3042.3	1003.4	1516.2	148.6	144	136.2	140.8	712.8	237.1	103.3	169.2	5.6	5.7	7.1	12.9	146.7	93.6	28	97.4	16.7	9.2	19.3	24	632.8	4	63.1	316.8	91.8	21.6	97.6	37.8
11180.2	2512.4	337.9	1829	2604.2	813.2	1209.8	137.5	119.5	101.7	107.6	556.3	198.4	75.2	158.2	3.3	5.8	7.1	11.4	143.1	86.6	23.6	79.1	16.2	6.6	11	25.6	464.9	3.7	52	192.9	73.7	21.3	87.3	34.1
12035.7	2658.4	350.5	1940.9	2732.1	876.2	1432.2	105.8	128.8	116.5	126.4	623.7	263	95.3	159	4.9	6.9	8.1	16.2	152.6	75.2	24.1	72.6	17.4	9.9	12.8	26.2	540.4	3.7	56.8	229.8	87.5	20.7	102	39.8
12112	2708.7	358.4	2065.5	2621.7	859.8	1425.5	116.7	128	115.1	128.1	672.8	222.4	79.6	145.5	5.9	6.2	8.5	15.4	154.1	93.9	23.5	77.4	17.9	10	16.5	34.9	554.2	2.9	59.5	234.8	90.3	23	99.7	44.1
10875.2	2518.7	318.8	1638.1	2483.7	820.4	1317.6	89	107	90.3	104.8	603.7	150	66.8	135.5	4.1	6.5	8.3	14	154.6	83.1	20.3	77.5	13.8	6.1	12.2	30.3	525.7	4.6	53.4	221.5	92.7	19.4	101.5	32.5
9897.3	2018.3	297.3	1724	2479.3	564.8	1254	81.8	127.5	83.8	85.3	417.1	184	76.9	133	4	6.2	6.6	11.4	126.2	69.4	19.5	68.9	12.3	6	12.4	27.2	465.8	6.4	46.6	185.7	89	19.4	87	31.7
11672.1	2579.3	302.2	1913.3	2684.6	895.1	1413.9	91.2	122.4	100	111.9	603.6	208.6	80.5	158.5	4.8	6.9	7.1	14.1	146.1	76	24.3	65.4	16.5	6.2	12.3	27.5	532.1	3.6	48.4	239.7	86.2	19.9	98.7	35.7
12385.7	2693.5	342.6	2072	2834.7	960.5	1436.4	97.3	136.4	113.4	121	636.4	231.3	81	172.6	5	8.5	7.5	16.5	150.2	93.6	25.7	66.9	16.9	10.2	18.7	36.9	602.4	4.7	56.4	255.1	102.9	22.4	114.6	46.3
11405.6	2468.8	310.5	1921.4	2566.1	889.8	1340.3	112.7	120.1	88.8	109.8	556.1	206.7	87.5	163.7	12.6	7.5	10.2	14.6	148.1	82.4	25.2	77.6	16.7	7.9	14	46.6	550.1	3.6	51.2	225	89.9	30	110.6	39.8
9830.9	2122.8	291.7	1699.1	2251.2	712.4	1121.2	98.1	101.4	99.2	99.4	494.2	218.5	61.6	130.5	3.6	5.9	7	10.2	119.5	63.6	19.1	49.3	12.7	6.3	10.3	22	438.9	1.9	39.4	162.6	77.7	25.8	100.1	31.4
11025.1	2412.8	315.2	1839.7	2350	885.8	1406.6	93.8	118	82.9	116.1	577.2	209.1	78.8	154.1	4.6	6	5.8	12.1	136	76.7	21.2	69.4	19.2	5.4	8.8	20	482.2	2.9	51.2	204.3	91.4	23.1	79.9	29.4
10853.8	2370.6	317.2	1765.5	2299.8	855.7	1478.5	95.1	111.9	93.4	107.9	538.8	202.2	81	140.7	9	7.3	5.8	11.6	137.1	76.6	21.9	74.6	13.9	6.3	9	22.6	508.8	3	52.4	201.3	95.7	25.5	97.4	33.4
12252.6	2642.5	357.6	2057.5	2542.8	980.8	1658	133.7	131.3	110.7	123.3	596.3	223.4	86	163.3	5.6	8.1	6.5	13.5	162.2	84.7	26.5	72.3	18.7	9.6	9.8	28.1	603.2	2.8	56.5	271.9	110.4	27.7	97	36.9
11839.4	2634.2	342	2027.2	2530.2	899.8	1434.3	117.2	122.3	103.4	108.9	574.5	234.5	78	165.2	3.9	8.3	8.3	17.1	164	103.3	29.2	69.5	16.5	7.5	10.8	29.3	473.6	2.8	63.7	144	104.2	25.1	97.5	36.4
11669.1	2457.5	313.2	1999.7	2508.1	915.2	1437.8	104.8	126.5	104.2	122	613.5	236.8	84.3	163.6	4.6	9.2	7.9	18.2	171.8	99.3	25.3	78.6	16.2	7.9	12	31.1	577	3.8	63.4	199.3	128.5	24.5	118.6	38.9
11601.4	2579.1	318.2	1959.1	2616.8	842.7	1364.3	92.4	135.2	98.5	103.2	592.7	212.1	84.6	159.4	4.5	7.8	8.7	14.6	145.9	93	29.2	66.7	19.3	7	13.6	32.8	548.2	3.1	59.6	216.2	116.4	21.2	95.4	36.3
11178.4	2505.9	339.7	1738	2534.1	827.4	1439.3	85.2	112	104.8	96.1	561.2	173	70.3	147.1	4.6	9.4	8	15.5	147.6	91.2	22.4	72.3	17.3	7.9	13.2	34.7	551.5	3	50.2	206.9	133.2	25.2	93.8	39.2
9516.4	1903.2	280.5	1688.6	2181.8	536.5	1312.6	88.9	116.5	86.1	74.7	423.9	210.1	80.4	128.7	3.5	5.5	6.7	10.1	139.5	80.3	22.1	77.5	15.4	7.3	7.8	28.2	447.4	2.7	51.2	168.1	86.8	24.1	81.8	32.6
12102.8	2660.2	323.1	2021.5	2578.9	915.3	1564.1	95.2	130	109.9	116.9	632.8	244.5	89.5	164.9	4.2	9.5	8.1	14.7	161.1	93.4	27	67.9	16.9	7.7	10.3	35.1	582.9	3	68.6	218.1	136.5	20.6	102.2	33.9
12989	2844.1	347.5	2166.7	2841.9	968.1	1581.1	149.1	132.9	118.8	114.5	664.4	260.5	96.7	169.4	5.5	10.5	12.9	16.5	169.8	115.9	33.2	92.6	20.8	8.1	14	33.4	615.9	3.5	64.1	218.6	147.4	23.8	112.3	46.2
11610.2	2607.1	321.6	1821.5	2529.9	878.2	1411.2	118	126.4	99	107	638.6	252.4	80.4	161.7	4.7	8.5	9.8	16.5	148	96.3	33.6	73.2	16.4	7.1	12.2	31	584.5	3.1	71	207.9	126.3	34	102.8	39.4
10205.5	2356	348	1788.2	2103.2	780.9	1143.9	86.5	108.7	88.8	90.5	525.3	199.8	75.5	137.9	6.7	6.1	6.9	12.6	124.2	76.2	27.5	60	11.3	6.4	9.3	25.2	488.6	3.1	45	169.8	117	22.3	93.7	37.7
11356.2	2659.9	322.3	1981.9	2326.2	862.6	1332.7	98.5	118.7	98.7	97	577.7	217.3	91.4	142.8	7.5	7.5	6	12.6	141.1	92	28.9	70.4	17.5	6.4	12.8	25.7	531.5	2.8	60.7	198.4	133.9	16.7	86.3	32.6
11307.1	2531.4	339.5	1864.5	2452.6	869.3	1343.8	100.3	125.3	96.3	104.1	586.6	218.5	82.2	156.8	5.4	8.9	7.4	13	141	91	33.2	75.2	16.6	6.7	9.6	28	526.4	2.8	53.1	192.1	119.1	25.9	99.7	33.7
12648.6	2845.7	383	2130.4	2782.1	940.2	1421.6	106.1	152.2	105.8	107.1	673.2	243.3	104	171.7	6.4	7	7.3	14.3	148.2	96.4	32.4	95.9	17.5	7.7	13.8	35.5	656.3	3.9	62.4	284.7	138.5	26.5	104.9	35.5
11947.2	2654.3	363.8	1950	2727.3	853.1	1329.8	93.2	120.8	98.4	98.4	619.3	276.5	89.7	171.9	6	7.3	6.9	16.1	156.3	101	30.2	99.5	19.5	6.8	16.3	34.5	552.1	3.5	60.1	192.1	131.6	25.7	98.9	40.2
11714.1	2588.2	316.3	1925.3	2648.2	871.5	1306.8	90.3	171.8	95	97.1	634.8	234.6	87.8	164.5	4.6	8.5	7.1	14.1	151.3	85.9	31.6	104.4	18.8	6.9	15.1	33.6	540.1	4	63.1	192.5	128.2	21.5	94.9	35.9
12192.5	2789.6	323.9	1933.6	2760.7	901.6	1412.8	78	128.3	105.2	109	666.8	234.6	79	165.1	4.8	9.3	6.3	15.2	153.5	108.8	29.3	103.7	20.2	6.3	14.2	32.6	552.1	4.4	55.7	205.3	126.4	22.6	95.2	42.5
11268.8	2533.1	297.7	1714.8	2613	826.4	1358.1	75.7	113.5	96.4	102.2	636.6	162.5	73.4	171.5	4.1	9.4	7.2	15.5	165.3	96.9	27	97.7	19.2	6	12.7	32.8	557.6	4	48.7	186.7	141.6	29.8	108.8	38
9097.4	1846.5	262.1	1530.9	2225.4	478.7	1163.9	62.4	116.6	74.7	74.4	461.6	181.8	74.3	130.9	3.8	7.3	6	11.8	137.6	89	25.7	77.1	14.4	5.2	9.3	26	476.4	3.5	55.3	152.6	122.2	25.8	85	32.1
12639.8	2796.3	337.7	2220.6	2713.9	908.5	1467.9	90.4	132.1	112	107.5	656.5	272.8	90.1	173.3	5.2	10.3	8.7	15.4	173.8	129.5	30.8	103.3	24.5	7.2	13.6	37.9	614.6	4.9	58.3	201	160.5	28.8	117.6	43.5
13040.1	2895.6	387.3	2161.5	2923.3	943.1	1433.7	99.8	143.1	123.9	120.2	701.2	266.9	93.2	181.1	7.1	10.3	7.9	20.1	184.6	112.6	37.8	101.9	25.7	6.8	15.1	36.4	664.3	4	64.2	237.2	172.1	28.8	111.7	46.3
11687.3	2472.2	319.3	1863.6	2707	880.6	1362.2	91.1	121.4	106	102.2	661	219.1	80.5	178.6	6.7	10.3	7.5	14.7	178.5	101.7	33.3	84.9	27.1	6.6	15.7	35.4	578.9	5.7	55.7	201.7	148.3	27.9	103.9	35.7
11191.7	2584.4	327.4	1955.1	2473.9	743.4	1299	91.8	117.1	95	86.5	579.2	203.9	78.7	148.5	6.6	7.6	6.2	12.5	128.9	78.2	31	68.9	21	5.9	13.9	27.3	580.1	3.7	49.4	177.7	166.1	30.4	110.4	42.4
11391.9	2630.4	329.6	1907.4	2521	807.9	1291.5	98.9	125.3	93.6	95.4	584.1	205.5	88.4	158.4	6.2	7.3	5.4	12.8	148.7	82.4	36.2	86.1	18.6	6.6	12.7	31.6	524.1	3.4	52	180.7	152.7	17.5	82	35.8
11793.1	2663.1	364.3	1889.4	2531.8	875.8	1452.7	97.2	124.5	112.8	92.4	659.8	202.3	81.3	160.7	5.2	7.8	6.5	12.9	177.8	92.1	38.1	68.9	20	6.7	15.7	33.1	565.8	3.4	49.3	182.6	154.9	23.5	105.6	46.5
13933.2	3176.2	432.5	2246.3	3068.8	1044.3	1555.4	132.3	157.5	120.2	120.2	732.4	272.7	100.5	206.5	5.1	9.1	7.9	14.6	220.5	111.2	42.1	73.9	21.8	7.6	14	39.4	692.8	4.6	71.7	204.2	217.7	28.1	120.7	45.8
12778.1	2856.7	380	2213	2826.9	909.2	1402.5	100.8	137.7	118.8	111.8	665.9	254.4	102.5	183.5	7.2	8.9	7.6	14.6	203.2	99.8	37.9	60.8	20.4	6.2	13.6	34.3	632.9	3	72.6	201.1	162.3	26.6	117.8	49.4
11810.3	2551.4	357.7	1965	2674.2	890.3	1242.9	126	129.3	108.5	99	645.5	238.9	90	175.7	4.9	9.3	4.7	11.5	199.4	101	36	75	18	10.2	12	34.2	657.6	4.1	81.8	184.2	184.7	36.8	121.4	44.6
13698.4	3088.7	393.6	2285.6	2966.6	1050.7	1514.6	119.5	165.9	133.8	114.7	717.1	258	107.4	202.4	5.4	9.1	7	14.4	204	118.8	40	92.6	21.5	7.6	18.4	41.1	795.7	3.8	108.5	245.3	213.4	30.4	148.3	45.9
11956.6	2628.3	350.9	1983.8	2798.8	849.5	1308.6	124.7	129.5	115.5	91	618.6	182.3	86.9	184.8	8.5	10.2	7.3	14.9	178.7	95.6	35.4	77.7	19.1	6.9	15.6	33.6	638.3	3.9	59.2	187.1	176.2	30.3	140.9	40.7
10723.8	2226.2	330.3	1872.4	2629.6	574.7	1239.3	95.8	135.5	78.6	87.3	516.3	221.2	88.5	160.4	4	9.1	6.3	14.1	168.6	93.4	34	64.6	19.7	6.6	12.2	35.2	609.7	3.2	84.4	165.6	167.3	30.7	123.2	35.3
13938.9	3023.6	407.1	2371.4	3124.6	1025.5	1519.9	110.6	164.7	116.8	118.6	725.7	289.6	114.3	216.7	5.6	11.1	7.6	17.1	211.2	122.1	47.3	88.5	26	9.2	18.2	45.8	712.2	5	71.7	222.3	198.7	32.6	135.9	45.8
13979.8	3077.9	397	2287	3115.7	992.1	1659.4	125.2	154.1	113.6	127	747	271.5	108	205	7	10.5	7.6	13.1	207	114.2	41.5	87.5	26.3	22.8	16	45.9	712.9	4.3	74.4	208.2	203.5	37.6	140.2	44.8
13807.4	3084.1	408.4	2198.2	3083	961.9	1597.6	113.1	170.7	125.5	107.2	783.8	277.7	109.4	202.1	6.7	9.1	7.2	17	199.1	116.7	42.8	89	24.6	14.7	16.7	41.1	684	4.1	64.3	236.8	161.7	33.5	136.2	47.5
12973.9	2990.3	403.6	2330.4	2863.9	862.9	1340.6	114.8	146	105.2	102.4	621.7	275.8	117.5	202.7	4.3	9.1	6	14.1	166.6	107.7	33.1	70.2	22.4	9.5	17.4	35.8	651.1	3.4	63.3	196.7	176	28	142.3	41.4
12509.8	2949.6	361.8	2014.4	2728.7	891.2	1427.2	99	143.6	104.7	111.1	630.2	251.9	112.4	154.8	4.7	8.1	6.4	12.5	186.1	108.5	34.3	80.9	32	7.7	11.7	36.4	572.5	5.3	60.6	192.6	157.2	21.7	105.5	29.6
12934.1	3014.7	369.9	2066.1	2789.4	974.2	1438.1	127.8	145.8	99.5	113.1	712.7	255.9	109.3	173.7	4.3	10.1	7.3	12.6	192.2	118.5	36	75.6	24	8.1	13	42	672.3	5.2	78.4	227.1	164.7	22.3	140.4	34.2
14908.3	3517.7	441.8	2355.8	3225.7	1072.1	1616.2	153.3	169.1	115.5	161	781.3	309.6	123.7	203.5	5.5	10.3	8.9	14.7	242.3	136.6	40.9	99.2	30	11.6	15.4	46.9	845.3	6.6	67	342.9	198.4	34.4	156.3	39.8
13772.1	3121.2	407.2	2232.5	3148.2	945.1	1392.8	139.2	151.8	112.5	138.8	781.7	284.4	115.3	193.7	4.8	11.7	7.8	16.1	224.2	119.3	36.7	92.3	24.1	8.2	18.5	43.9	780.4	5.8	127.1	199.7	214.5	31.5	159.3	42.4
13012.6	3067.4	386.3	2091.7	2836.5	933.1	1318.7	139.3	140.6	101.4	122.2	712.7	267.1	105	180.3	10.9	12.7	8.5	17.5	204.8	120.3	41.1	92.8	26.3	8.2	18.4	48.8	705.7	5.7	67.3	222	180.9	31.3	156.2	42.3
14049.9	3174.6	398	2376.5	3153.5	975.9	1420.9	132.5	182	113	126.2	769.4	268.4	109	191.8	5.9	12	9.2	21.9	227.8	132.3	43.5	96.1	29.8	7.9	20.7	51.1	842.2	4.7	136.2	245.6	207.4	30	167.7	50.6
11816.5	2676.3	391.7	1931.9	2656.9	842.5	1221	125	134.8	103.3	111.8	620.4	188.6	82.9	172.3	5	11.6	7.5	18.9	207.3	108.5	30.6	79.1	21.9	6.3	16	44.5	638.7	4.3	53.6	190.9	185	25.3	136.7	42.8
11593.2	2424	341.2	2025.7	2834.7	609.8	1310	122.4	153.1	85.4	91.5	517.8	231.5	99.8	168.6	4.5	11.3	7.9	16.5	212.5	118.4	37.2	83.5	22.8	6.8	16.3	40.1	646.1	5.2	54.3	189.3	176	26.9	151.5	42.8
14466.2	3195.1	444.6	2404.9	3172.5	1064.2	1466.7	135	173.2	126.5	135.7	805.9	303.1	113.6	191.4	5.2	14.2	13.4	21.2	281.4	141	49.9	100.9	29.2	8.5	17.4	51.6	801.1	5.6	78.9	255.3	214.9	33.6	162.4	50.5
13615.9	3146.6	423.5	2316.1	2998.8	984	1299.3	112.3	155.9	109.7	112.9	672	299.5	106.6	186.2	4.7	13.1	12.8	22.1	250.8	139.7	49	99.4	27.5	7.5	17.9	48.1	780.3	5.1	73.2	230	209.9	33.1	175.9	53
14733.9	3506.7	443	2368.1	3103.1	1034.1	1640	141	177.6	114.5	127.3	730.8	333.3	108.6	199.7	6.6	14.9	11.7	24.7	261.4	130.4	46.6	105	27.4	8.5	18.4	50.3	780.4	5	78.6	243.3	186.2	33.3	190.5	43.4
13880.7	3528.5	702.7	2282.5	2735.6	828.5	1506.3	105.4	155	105.1	100.5	681	268.7	94.8	167.3	4.4	11.9	9.1	21.4	215.4	119.6	40.4	93.6	31	8.5	17.7	45.8	743.4	4.1	67.4	239.3	212.5	28.1	140.5	51.4
13527.5	3365.1	448.7	2158.6	2818.1	873.8	1530.2	146	137.5	105.2	109.8	671.8	245.7	102.1	186.7	4.5	10.5	8.6	17.9	239.1	127.9	42.3	93.5	26.1	8.1	12.4	37.3	718	5	91.5	247.8	161.2	25.7	148.7	38.1
13584	3153	413.6	2174.8	2874.4	931.8	1661.9	122.1	146.2	103.2	110.8	697.7	261.3	105.4	175	5.1	11	7.6	19.2	242.8	124.2	44.3	99.2	22.2	8.8	16.9	51.6	825.9	4.1	104.4	261.8	189.9	40.3	172.8	52.4
16170.2	3843.3	524.8	2594.1	3438.5	1070.5	1880.3	119.9	187.8	138.9	122.9	804.3	308.2	149.2	223.8	6.5	16.4	11.7	25.9	272.2	154.5	50	101.7	34	11.6	18.9	60	1129.1	7.1	136.7	421.7	256.4	40.4	214.5	52.3
13260.6	3123.2	443.8	2281.4	2949.1	880.7	1230.8	121.1	136.5	110.1	110.6	623.8	293.3	117.9	178.3	5.2	13.1	10.3	20.1	242.2	132.9	53.2	83.6	26.9	10.3	17.3	45.2	731.2	5.3	71.9	197	208.8	36.4	171.5	40.3
14741.9	3361.1	435.1	2547.9	3306.8	1002.5	1406.5	138.1	163.4	117.1	123.6	753	297.4	129.2	207.9	6	17.1	11.1	24.3	281.8	144.6	49.2	106.2	31.9	15.2	18.5	46	868.3	11.2	78.9	260.2	227.9	38.1	192.2	59.8
15486.5	3481.9	419.7	2606.3	3530	1053.2	1523.5	140.3	185.4	125.8	127	800.4	315.9	151.2	214.6	6.4	16.1	11.4	25.6	287	167.2	54.5	104.3	34.2	15.8	24.1	64.6	901.7	7.3	89.2	266.7	218.7	42.8	226.7	50.4
13154.5	2970.5	404.5	2190.8	3003.8	897.7	1323.2	134.2	138.9	125	100.1	704.8	203.8	105.7	199.1	4.7	14.1	8.3	19.6	237.1	125.7	40.8	85.6	31.2	13.3	17.3	54.8	801.1	4.8	62.9	235.3	212.2	34.2	203.6	48.3
12621.2	2537	364	2262.3	3206.4	639.1	1319.2	105.5	158.6	95.3	88.8	559.1	302.2	122	179.6	5.8	15.3	11.7	20.1	245.7	142.6	44.4	87.2	28.5	10.8	19.1	50.8	773.9	6.2	69.2	210.4	207.3	33.7	198.3	48.8
15031.6	3257.6	410	2423.8	3514.6	1073.3	1500.7	125.4	179.4	118.4	117.4	774.1	355.7	133.6	234.6	4.7	14.6	12.2	26.1	299.5	166.2	50.3	98	37.1	14.4	21.7	68.1	919.9	6.5	93.4	271.2	233.4	35.4	227.7	52.2
15452.4	3301.3	415.9	2520.4	3522.6	1127.3	1483	134.7	206.4	131.3	137.5	815.8	374.5	159.6	234.9	6.8	15.9	14.5	32.3	318.9	181.6	57.8	100.2	36	19.4	28.8	75	943.5	6.3	95.5	276.3	196.9	44	272.7	51.8
15428	3391.6	431.2	2482.9	3525.5	1100.3	1497	147	188.7	123.6	121.8	791.6	368.5	148.7	240.6	5	18	13.8	31.9	308.2	181.5	54.4	105.4	34.8	14.5	25.6	75.9	961.4	5.7	83.3	299.2	210.6	42	262.5	58.1
13105.9	2933.6	415.6	2215.9	2996.2	827.6	1219.8	108.6	168.3	101.2	108.1	660.8	318.4	148.3	182.4	5.5	11.9	11.4	22.6	246	141.1	49	72.8	32.1	14.8	25.8	67.9	826.5	4.9	70	276.2	192.1	41	191.4	50.9
14716.8	3283.2	420.8	2441.9	3231.1	1004.9	1472.9	153.9	181.4	128	122.7	804.1	324.7	140.4	213.3	4.9	14.3	14.3	36.1	294.7	170.1	48.5	87.9	37.2	14.2	23.3	48	803.4	6.1	88.4	242	211.2	31.8	175.4	48.5
14180	3139.7	404.6	2333.8	3030	1035.5	1423.9	151.3	181.5	121.6	116.3	785.9	317.4	134.3	196.4	5.3	13.4	15.9	27	297.7	162.9	54.5	97.5	36.3	12.9	24.4	60	825.8	5.8	78	248.4	216.7	32.7	192.3	51.8
16202.2	3486.4	487.6	2670.2	3541.7	1131.5	1629.6	146.4	206	156.9	154.1	888.9	364.1	154.6	244.8	5.4	17.1	16.8	27.4	341	210.6	63.4	100.9	39.5	15.3	30.5	71.2	1006.2	10.2	100.5	279.3	281.5	47.1	228.2	59.5
14392.4	3202.2	390.2	2431	3113.2	1002.1	1353.4	145.2	231.5	125.3	116.6	777.7	317.3	140.7	210.7	5.8	15.7	14.3	24.5	308.9	171.3	55.1	97.1	37.1	14.2	29.8	61.3	870.9	6.2	90.1	231	234.7	34.1	219.3	55.6
15140.6	3294.4	421.6	2559.3	3390.8	1068.9	1366.8	152.3	173.8	131.5	134	791.6	355.4	154.7	223.6	5.8	17.5	18.5	36.2	339.9	175.9	66.7	101.2	35.6	13.2	36	75.4	998.2	5.8	91.2	306.5	225.3	41.7	251.9	75.7
15960.1	3550.3	444.6	2661.4	3424.2	1102.7	1527.1	142.3	212.3	146.1	132.2	873.4	374.8	149.3	231.3	7	17.6	19.1	33.7	362.5	192.4	64.1	114.6	36.2	15.1	38.7	87.2	971.4	7.8	111.1	270.7	231.3	49.1	242.9	58.5
14351.3	3279.3	396.3	2404.6	3079.8	961.7	1487.6	142.3	169.5	134.7	123	710.5	265.4	126.3	217.9	5.7	17.9	14.8	32.4	322.5	166.9	55.7	92.2	35.9	12.7	30.8	64.7	965.5	8.2	97.3	287.2	216.5	40.6	260.4	55.3
13230.2	2678.6	329.3	2378.3	3123.4	645.4	1478.6	124.9	190.6	115	102	555.4	330.5	137.1	193.2	6.1	16	13.5	29.6	318.9	171.8	54.7	94.7	32.5	12.4	31.9	65.8	902.5	11.5	86.1	236.4	206.5	53.7	259.8	48.6
15202.1	3451.4	384	2489.2	3317.1	1015.6	1536.7	132.4	198	148.2	130.2	730.3	381.3	154.1	218.7	7.3	15.7	12.3	32.3	342.9	185.2	59	101.3	39.2	16.8	33.2	70	876.3	7.9	95.9	214.8	224.4	38.4	239.4	55.5
17056	3958.7	453.4	2941	3579.9	1139.6	1673.2	148.4	199	151	145.1	824.3	375.7	162.4	242.7	8.4	19.9	19.2	36.7	382	228.6	66.4	112.4	39.4	15.1	39.7	94	1114.1	14.7	119.9	342.4	220.9	48.9	299.2	68.1
16077.7	3800	459.4	2700.9	3317.9	1055.6	1568.1	154.9	195.9	147	131.7	787.5	356.8	169.6	246	6.5	15.9	18.2	29.5	367.6	195.5	65.6	101.4	42.8	14.7	34.2	94.5	1003.6	7.1	104.3	264.3	220.1	45	301.7	61.1
13348.2	3300.5	455.3	2335.6	2668.1	788.8	1273.6	160.1	156	119.3	114.4	617.5	265.6	128.5	192.9	5.2	11.1	11.2	26.6	285.7	159.6	53.4	82.7	34.5	9.1	25.2	67.6	884.2	5.4	75.5	317.6	200.1	52.6	181.9	51.1
16427.6	3820.2	447.9	2757.5	3494.5	1102.8	1684.5	148.9	203.4	135.3	147.8	760.7	335.8	176.9	228.1	5.5	20.4	14.3	35.2	375.5	201.1	66.2	94.4	42.1	14	31.8	82.7	870.6	7.8	92.8	260.6	227.6	35	204.2	42.6
16559.1	3876.8	469.7	2750.7	3483.8	1089	1624.2	160.6	216.6	137.2	151.7	780	346.4	166.9	228.6	6.8	18.6	16.5	36.1	406.2	225.8	72	96.8	44.7	16.7	37.6	99.2	906.7	4.9	72.9	272.5	237.6	45.1	204.6	69
16579	3904.4	499.8	2770.2	3571.2	1050	1631.6	166	203.2	139.8	140	749.5	306.5	172.6	247	7.4	16.3	12.8	30.8	396.2	216.9	65.2	103.6	39.6	15.3	33.9	89	1229.3	7.1	98.7	347	382	50.6	273.9	70
17561.2	4138	518	2882.3	3848.1	1104.5	1603.3	162.6	204.6	164	136.5	875.8	373.8	196.4	250.1	7.9	21.9	15.1	33.8	419.2	218.7	75.3	111.4	46.4	14.6	44.9	93.9	1199.2	6.8	118.5	330.6	275.7	57	338.7	71.8
16129.6	3556.7	501.3	2843.4	3580.8	1017.9	1433.6	135.8	207.2	146	140.9	748.6	357.8	177.3	220.3	5.6	21.8	15.4	34.9	399.6	227.4	68.7	106	42.6	16.6	40.8	82.6	1107.4	7.6	118.4	312.5	240.4	57.7	311.8	59
18484.3	4239.6	588.5	3210.3	4138.9	1114.4	1621.4	138.8	227.8	225.5	145.4	828.2	367.3	176.3	280.3	6.6	20.8	17.1	36.4	445.2	236.5	79.1	120.8	49.1	17.1	47.9	105.3	1230.8	5.7	131	355.6	303.6	62.6	311.5	60.8
16402.6	3698.2	535.2	2782	3756.8	1030.2	1536.2	106.5	187.6	166.3	129.4	703.8	277.7	186.9	235.1	7.4	20.4	15.5	50.5	383.8	230.4	66.9	108.9	41.2	16.4	44.1	85.4	1252.7	6.2	107.2	368.1	263.6	58.5	384.4	64.7
14032.3	2915.6	414.5	2572.7	3553.5	621.2	1274.4	104.4	190.1	123.9	109.6	609.6	317.4	142.7	192.7	6	14.8	12.1	34.2	336.5	196.3	55.5	83.9	35.7	16.8	31.9	66.2	999.7	4.9	157.6	243.9	211.4	58.8	257.6	65.4
17109.1	3632.5	548.4	3024	3939.2	1069.4	1591.5	118.3	229.2	136.6	173.9	706.7	381.9	205.3	241.7	6.5	18	14.9	34.4	416.7	239.4	72.3	119.5	45	13.2	37.5	93	1128.4	6.5	128	323.6	211.2	58.2	322	78.9
17759.3	4068.4	483.1	3070.6	4018.4	1137.1	1625.9	114.1	234	150.1	152.4	753	368.3	200.7	256.4	7.2	23.8	15.8	38.8	397.2	246.4	78.3	117.2	46.7	15	42.7	97.6	1132.5	3.3	110.9	309	206	61.6	363.2	78.5
14240.8	3448.7	390.1	2410.2	3129.7	840.6	1334.3	108.3	182.2	109.2	115.8	556.5	307.3	141.8	224.3	6	18.1	9.5	27.2	323.4	209.9	59.6	138	38	13.6	34.4	64.1	918	3.6	82.7	292	166.5	44.5	274.2	54.5
